psnr: 31.92233003616333
ssim: 0.9666289415955543
lpips: 0.07401108857244253
