psnr: 34.29694313049316
ssim: 0.9782578510046005
lpips: 0.0382062390819192
