psnr: 37.506357421875
ssim: 0.9851617839932442
lpips: 0.023995948527008294
