psnr: 32.275834007263185
ssim: 0.972977554500103
lpips: 0.04973857225850225
